// ---------------------------------------------------
// Fichier d'enregistrement de grille de Surizarinku
// Nom : Grille_002.txt
// Date : 21/03/2015 19:46:57
// ---------------------------------------------------
// Taille :
T 10 10
// Grille
3 2 2 2 2 2 3 2 2 2 
1 2 1 1 9 2 1 0 9 2 
2 3 1 1 9 9 9 9 3 3 
9 2 1 0 3 9 2 3 1 1 
2 2 1 1 3 9 0 2 9 9 
2 9 2 0 2 2 2 9 2 2 
9 2 9 2 0 1 9 1 1 2 
1 9 2 2 2 0 9 3 2 2 
2 9 3 1 2 2 1 3 2 2 
9 1 1 9 0 1 1 9 1 3 
// Solution CoteBas
0 1 0 0 1 1 1 0 1 1 0 
0 0 1 1 0 1 0 1 0 0 1 
0 0 1 0 0 0 1 0 0 1 0 
0 0 0 0 0 1 0 1 0 0 1 
0 0 0 0 0 1 0 0 1 0 0 
0 0 0 0 0 1 0 0 1 1 0 
0 0 0 1 0 0 1 1 0 0 1 
0 0 1 0 1 0 0 0 1 1 0 
0 0 0 1 0 1 0 0 1 0 0 
0 1 1 1 0 0 1 1 1 0 0 
0 0 0 0 0 0 0 0 0 0 1 
// Solution CoteDroit
0 0 0 0 0 0 0 0 0 0 0 
1 1 0 1 0 0 1 1 0 1 0 
1 0 0 0 1 1 0 0 0 0 1 
1 1 1 0 1 0 1 0 1 1 1 
1 1 1 0 0 1 0 1 1 0 0 
1 1 1 0 1 0 0 0 0 0 0 
1 1 1 0 0 1 0 1 0 1 0 
1 1 0 1 0 0 0 0 0 0 1 
1 0 1 0 1 0 0 1 0 1 1 
1 0 0 1 0 1 0 0 1 1 1 
0 0 0 0 0 0 0 0 0 1 1 
