// ---------------------------------------------------
// Fichier d'enregistrement de grille de Surizarinku
// Nom : Grille_001.txt
// Date : 20/03/2015 22:32:40
// ---------------------------------------------------
// Taille :
T 10 10
// Grille
3 9 9 1 9 9 3 3 9 0 
9 9 3 9 1 9 9 9 9 9 
2 9 0 9 1 9 2 1 1 9 
2 9 1 9 1 1 9 9 9 3 
9 9 9 3 9 9 1 2 3 9 
9 3 1 3 9 9 2 9 9 9 
3 9 9 9 2 3 9 1 9 3 
9 3 2 2 9 0 9 1 9 3 
9 9 9 9 9 2 9 3 9 9 
1 9 2 0 9 9 3 9 9 1 
// Solution CoteBas
0 1 0 0 0 1 1 0 1 0 0 
0 0 0 1 0 0 0 1 0 1 0 
0 0 1 0 1 0 1 1 1 1 0 
0 1 1 0 0 0 1 1 0 0 1 
0 1 1 0 1 1 0 0 1 0 0 
0 1 1 0 1 0 1 1 0 1 0 
0 1 1 0 1 0 1 0 0 0 1 
0 1 1 0 0 1 0 1 0 0 1 
0 0 1 0 0 1 0 0 1 0 1 
0 0 0 1 0 0 1 0 0 0 0 
0 0 1 0 0 0 0 1 0 1 0 
// Solution CoteDroit
0 0 0 0 0 0 0 0 0 0 0 
1 1 0 0 1 0 1 1 1 0 0 
1 1 1 1 1 0 0 0 0 1 0 
1 0 0 0 0 1 0 0 0 0 0 
0 0 1 0 0 0 0 1 0 1 1 
1 0 0 1 0 1 0 0 1 1 1 
0 0 1 0 1 0 0 1 0 0 1 
1 0 0 1 0 1 1 1 0 1 0 
0 0 1 1 1 0 0 0 0 0 1 
0 1 0 1 0 1 0 1 1 1 0 
0 1 1 0 0 0 1 1 1 1 0 
